0.223139 0.000010 0.000010 0.326769 0.000010 0.000010 0.450052
0.197121 0.000010 0.000010 0.802829 0.000010 0.000010 0.000010
0.797512 0.000010 0.000010 0.094830 0.000010 0.031570 0.076058
0.851607 0.000010 0.000010 0.000010 0.000010 0.000582 0.147771
0.000010 0.000010 0.000010 0.000010 0.000010 0.000010 0.999940
0.000010 0.000010 0.000010 0.000010 0.000010 0.086082 0.913868
0.000010 0.000010 0.000010 0.000010 0.000010 0.000010 0.999940
0.000010 0.000010 0.000010 0.000010 0.262386 0.000010 0.737564
0.000010 0.000010 0.000010 0.020887 0.089759 0.000010 0.889314
0.000010 0.000010 0.000010 0.000010 0.343291 0.000010 0.656659
0.000010 0.000010 0.000010 0.000010 0.051637 0.063622 0.884701
0.000010 0.000010 0.000010 0.000010 0.000010 0.000010 0.999940
0.000010 0.000010 0.000010 0.000010 0.000010 0.000010 0.999940
0.000010 0.000010 0.000010 0.000010 0.000010 0.000010 0.999940
0.000010 0.000010 0.000010 0.000010 0.000010 0.000010 0.999940
0.000010 0.000010 0.000010 0.000010 0.000010 0.000010 0.999940
0.000010 0.000010 0.000010 0.000010 0.000010 0.000010 0.999940
0.043946 0.038366 0.037861 0.160358 0.229722 0.256168 0.233578
0.293402 0.000010 0.000010 0.706548 0.000010 0.000010 0.000010
0.102752 0.000010 0.000010 0.358965 0.000010 0.307243 0.231010
0.227698 0.000010 0.000010 0.234712 0.000010 0.059993 0.477566
0.000010 0.000010 0.000010 0.978172 0.021778 0.000010 0.000010
0.433015 0.000010 0.000010 0.011251 0.000010 0.000010 0.555694
0.282239 0.000010 0.009153 0.055817 0.055997 0.000010 0.596774
0.411817 0.000010 0.000010 0.000010 0.098225 0.000010 0.489919
0.678439 0.017496 0.020324 0.059900 0.223821 0.000010 0.000010
0.082595 0.000010 0.000010 0.766735 0.000010 0.150630 0.000010
0.298931 0.003258 0.010280 0.615218 0.000010 0.072293 0.000010
0.000010 0.031518 0.028980 0.231907 0.081083 0.000010 0.626492
0.000010 0.000010 0.000010 0.099962 0.000010 0.899988 0.000010
0.000010 0.024427 0.034603 0.046278 0.000010 0.449432 0.445240
0.036281 0.000010 0.000010 0.605369 0.000010 0.000010 0.358310
0.237717 0.017142 0.019944 0.687786 0.037392 0.000010 0.000010
0.000010 0.000010 0.000010 0.999940 0.000010 0.000010 0.000010
0.153473 0.000010 0.000010 0.846477 0.000010 0.000010 0.000010
0.497578 0.000010 0.000010 0.502372 0.000010 0.000010 0.000010
0.541399 0.000010 0.000010 0.458551 0.000010 0.000010 0.000010
0.949234 0.000010 0.000010 0.050716 0.000010 0.000010 0.000010
0.000010 0.000010 0.000010 0.999940 0.000010 0.000010 0.000010
0.489450 0.000010 0.000010 0.510500 0.000010 0.000010 0.000010
0.799215 0.000010 0.000010 0.200735 0.000010 0.000010 0.000010
0.999940 0.000010 0.000010 0.000010 0.000010 0.000010 0.000010
0.852302 0.000012 0.000010 0.147646 0.000010 0.000010 0.000010
0.000010 0.000010 0.000010 0.999940 0.000010 0.000010 0.000010
0.227382 0.000010 0.000010 0.772568 0.000010 0.000010 0.000010
0.000010 0.000010 0.000010 0.999940 0.000010 0.000010 0.000010
0.395691 0.000010 0.000010 0.604259 0.000010 0.000010 0.000010
0.040255 0.000010 0.000010 0.959695 0.000010 0.000010 0.000010
0.000010 0.000010 0.000010 0.999940 0.000010 0.000010 0.000010
0.000010 0.000010 0.000010 0.999937 0.000013 0.000010 0.000010
0.000010 0.000010 0.000010 0.999940 0.000010 0.000010 0.000010
0.714887 0.000010 0.000010 0.285063 0.000010 0.000010 0.000010
0.306507 0.000010 0.000010 0.693443 0.000010 0.000010 0.000010
0.099194 0.000010 0.000010 0.900756 0.000010 0.000010 0.000010
0.239336 0.000010 0.000010 0.760614 0.000010 0.000010 0.000010
0.000010 0.000010 0.000010 0.999940 0.000010 0.000010 0.000010
0.133792 0.000010 0.000010 0.860629 0.005539 0.000010 0.000010
0.999940 0.000010 0.000010 0.000010 0.000010 0.000010 0.000010
0.000010 0.000014 0.000010 0.999936 0.000010 0.000010 0.000010
0.000010 0.000010 0.000010 0.999940 0.000010 0.000010 0.000010
0.000010 0.000010 0.000010 0.999940 0.000010 0.000010 0.000010
0.000010 0.000010 0.000010 0.999940 0.000010 0.000010 0.000010
0.000010 0.000010 0.000010 0.999940 0.000010 0.000010 0.000010
0.000010 0.000010 0.000010 0.999940 0.000010 0.000010 0.000010
0.000010 0.000010 0.000010 0.999940 0.000010 0.000010 0.000010
0.538680 0.000010 0.000010 0.461270 0.000010 0.000010 0.000010
0.000010 0.000010 0.000010 0.999940 0.000010 0.000010 0.000010
0.827401 0.000010 0.000010 0.172549 0.000010 0.000010 0.000010
0.771939 0.000010 0.000010 0.228011 0.000010 0.000010 0.000010
0.000010 0.000010 0.000010 0.999940 0.000010 0.000010 0.000010
0.999940 0.000010 0.000010 0.000010 0.000010 0.000010 0.000010
0.219371 0.000010 0.000010 0.780579 0.000010 0.000010 0.000010
0.373782 0.000010 0.000010 0.626168 0.000010 0.000010 0.000010
0.753307 0.000010 0.000010 0.246643 0.000010 0.000010 0.000010
0.228302 0.000010 0.000010 0.771648 0.000010 0.000010 0.000010
0.000010 0.000010 0.000010 0.999940 0.000010 0.000010 0.000010
0.174288 0.000010 0.000010 0.825662 0.000010 0.000010 0.000010
0.000010 0.000010 0.000010 0.999940 0.000010 0.000010 0.000010
0.999940 0.000010 0.000010 0.000010 0.000010 0.000010 0.000010
0.000010 0.000010 0.000010 0.999940 0.000010 0.000010 0.000010
0.000010 0.000010 0.000010 0.999940 0.000010 0.000010 0.000010
0.000010 0.000010 0.000010 0.999940 0.000010 0.000010 0.000010
0.000010 0.000010 0.000010 0.466924 0.000010 0.000010 0.533026
0.000010 0.000010 0.000010 0.416891 0.000010 0.000010 0.583059
0.056365 0.000010 0.000010 0.535243 0.000010 0.000010 0.408352
0.044246 0.000010 0.000010 0.394328 0.000010 0.000010 0.561386
0.354376 0.000010 0.000010 0.000010 0.000010 0.000010 0.645574
0.295691 0.000010 0.000010 0.066154 0.000010 0.000010 0.638116
0.003291 0.000010 0.000010 0.109815 0.000010 0.221377 0.665487
0.931073 0.000010 0.000010 0.000010 0.000010 0.068877 0.000010
0.930064 0.000010 0.000010 0.000010 0.000010 0.069886 0.000010
0.740364 0.000010 0.000010 0.170286 0.000010 0.000010 0.089310
0.556659 0.000010 0.000010 0.034278 0.272133 0.000010 0.136900
0.205659 0.000010 0.000010 0.000010 0.000010 0.465443 0.328857
0.383741 0.000010 0.000010 0.000020 0.000010 0.000010 0.616199
0.108034 0.000010 0.000010 0.258965 0.016288 0.000010 0.616683
0.672368 0.000010 0.000010 0.222626 0.000010 0.000010 0.104966
0.359174 0.000010 0.000010 0.266888 0.000010 0.000010 0.373897
0.640143 0.000010 0.000010 0.008089 0.000010 0.129391 0.222347
0.448866 0.000010 0.000010 0.000010 0.049549 0.000010 0.501545
0.288021 0.000010 0.000010 0.000010 0.064516 0.000010 0.647423
0.000010 0.000010 0.000010 0.454495 0.063688 0.118276 0.363511
0.019831 0.000010 0.000010 0.139357 0.000010 0.000010 0.840772
0.101437 0.000010 0.000010 0.352269 0.000010 0.000010 0.546254
0.999940 0.000010 0.000010 0.000010 0.000010 0.000010 0.000010
0.999940 0.000010 0.000010 0.000010 0.000010 0.000010 0.000010
0.275388 0.000010 0.000010 0.724562 0.000010 0.000010 0.000010
0.830828 0.000010 0.000010 0.169122 0.000010 0.000010 0.000010
0.927234 0.000010 0.000010 0.072716 0.000010 0.000010 0.000010
0.837180 0.000010 0.000010 0.000010 0.000010 0.162770 0.000010
0.283099 0.000010 0.000010 0.635034 0.063942 0.017896 0.000010
0.999940 0.000010 0.000010 0.000010 0.000010 0.000010 0.000010
0.230629 0.020617 0.021031 0.680778 0.046924 0.000010 0.000010
0.000010 0.000010 0.000010 0.999940 0.000010 0.000010 0.000010
0.078789 0.000010 0.000010 0.816819 0.007012 0.000010 0.097351
0.252811 0.000010 0.003064 0.237354 0.000010 0.439356 0.067395
0.999940 0.000010 0.000010 0.000010 0.000010 0.000010 0.000010
0.999940 0.000010 0.000010 0.000010 0.000010 0.000010 0.000010
0.542863 0.000010 0.103360 0.008537 0.345210 0.000010 0.000010
0.218990 0.000010 0.000010 0.289760 0.000010 0.000010 0.491210
0.208413 0.000010 0.000010 0.292083 0.000010 0.000010 0.499465
0.832265 0.000010 0.000010 0.000010 0.000010 0.167685 0.000010
0.999940 0.000010 0.000010 0.000010 0.000010 0.000010 0.000010
0.000010 0.000010 0.000010 0.583723 0.000010 0.000010 0.416227
0.000010 0.000010 0.000010 0.454890 0.000010 0.000010 0.545060
0.000010 0.000010 0.000010 0.624877 0.108163 0.018057 0.248874
0.338874 0.000010 0.000010 0.132228 0.000010 0.096899 0.431970
0.160975 0.000010 0.000010 0.263361 0.000010 0.000010 0.575624
0.135030 0.000010 0.000010 0.189905 0.000010 0.613572 0.061464
0.052222 0.000010 0.000010 0.000010 0.111793 0.835945 0.000010
0.000010 0.000010 0.000010 0.654323 0.143218 0.000010 0.202419
0.399138 0.000010 0.000010 0.249960 0.000010 0.242109 0.108763
0.304006 0.000010 0.000010 0.014684 0.000010 0.415261 0.266020
0.504097 0.000010 0.000010 0.029049 0.000010 0.466814 0.000010
0.471652 0.010551 0.000010 0.066064 0.000307 0.225514 0.225904
0.151090 0.000010 0.000010 0.190711 0.000010 0.591811 0.066358
0.000010 0.000010 0.000010 0.658948 0.075571 0.000010 0.265441
0.000010 0.000010 0.000010 0.443860 0.061720 0.000010 0.494380
0.057149 0.000010 0.000017 0.536345 0.045915 0.000010 0.360554
0.083607 0.000010 0.000010 0.473359 0.000010 0.000010 0.442994
0.268079 0.000010 0.000010 0.585849 0.000010 0.146031 0.000010
0.160547 0.251134 0.073741 0.000010 0.068536 0.446023 0.000010
0.173366 0.249042 0.008479 0.000010 0.090930 0.384591 0.093583
0.000010 0.000010 0.144002 0.000010 0.855948 0.000010 0.000010
0.000010 0.059370 0.000010 0.000010 0.940580 0.000010 0.000010
0.035260 0.191067 0.027362 0.000010 0.548802 0.072318 0.125181
0.000010 0.061677 0.000010 0.000010 0.938273 0.000010 0.000010
0.000010 0.063799 0.000010 0.002731 0.933429 0.000010 0.000010
0.064698 0.169896 0.063751 0.000010 0.527930 0.000010 0.173706
0.136821 0.258738 0.036307 0.000010 0.250773 0.216255 0.101096
0.290363 0.142174 0.000010 0.000010 0.191766 0.264176 0.111502
0.231274 0.127108 0.000010 0.000010 0.213092 0.279460 0.149045
0.000010 0.000010 0.000010 0.178971 0.303741 0.517248 0.000010
0.000010 0.000010 0.000010 0.000010 0.987794 0.012156 0.000010
0.000010 0.000010 0.000010 0.000010 0.961189 0.000010 0.038761
0.000010 0.038044 0.000010 0.000010 0.848037 0.026368 0.087521
0.000010 0.000010 0.000010 0.000010 0.999940 0.000010 0.000010
0.000010 0.082827 0.056153 0.000010 0.646690 0.055250 0.159060
0.000010 0.000010 0.000010 0.000010 0.999940 0.000010 0.000010
0.000010 0.000010 0.000010 0.000010 0.999940 0.000010 0.000010
0.000010 0.037549 0.084449 0.000010 0.734703 0.000010 0.143269
0.000010 0.000010 0.000010 0.000010 0.999940 0.000010 0.000010
0.000010 0.000010 0.000010 0.000010 0.999940 0.000010 0.000010
0.000010 0.000010 0.000010 0.000010 0.999940 0.000010 0.000010
0.000011 0.000010 0.000010 0.000010 0.936590 0.063359 0.000010
0.000010 0.000010 0.000010 0.000010 0.999940 0.000010 0.000010
0.000010 0.000010 0.000010 0.000010 0.609726 0.390224 0.000010
0.000010 0.000010 0.000010 0.000010 0.927539 0.072411 0.000010
0.042539 0.000010 0.000010 0.000010 0.659575 0.297846 0.000010
0.000010 0.000010 0.000010 0.000010 0.843833 0.000010 0.156117
0.000010 0.000010 0.000010 0.000010 0.999940 0.000010 0.000010
0.000010 0.000010 0.000010 0.000010 0.903328 0.096622 0.000010
0.000010 0.000010 0.000010 0.000010 0.728781 0.112280 0.158899
0.000010 0.038574 0.000010 0.000416 0.828750 0.000010 0.132230
0.000010 0.000010 0.000010 0.000010 0.617607 0.382343 0.000010
0.000010 0.000010 0.000010 0.000010 0.999940 0.000010 0.000010
0.000010 0.000010 0.000010 0.000010 0.827144 0.001067 0.171749
0.000010 0.000010 0.000010 0.029996 0.894348 0.075616 0.000010
0.000010 0.000010 0.000010 0.034484 0.965466 0.000010 0.000010
0.080408 0.000010 0.117072 0.000010 0.622102 0.180387 0.000010
0.000010 0.000010 0.000010 0.000010 0.898383 0.000010 0.101567
0.000010 0.000010 0.000010 0.000010 0.999940 0.000010 0.000010
0.000010 0.000010 0.000010 0.246542 0.679277 0.053742 0.020409
0.000010 0.000010 0.000010 0.000010 0.999940 0.000010 0.000010
0.000010 0.000010 0.000010 0.000010 0.952347 0.042601 0.005011
0.000010 0.000010 0.000010 0.000010 0.882083 0.000010 0.117867
0.000010 0.000010 0.000010 0.000010 0.823448 0.000010 0.176502
0.000010 0.000010 0.000010 0.000010 0.926633 0.044684 0.028643
0.000010 0.000010 0.000010 0.000010 0.660616 0.339334 0.000010
0.000010 0.000010 0.000010 0.000010 0.999940 0.000010 0.000010
0.000010 0.000010 0.000010 0.000010 0.999940 0.000010 0.000010
0.000010 0.000010 0.000010 0.000010 0.490205 0.410569 0.099186
0.000010 0.000010 0.000010 0.000010 0.999940 0.000010 0.000010
0.000010 0.000010 0.000010 0.000010 0.000010 0.999940 0.000010
0.000010 0.000010 0.035067 0.000010 0.001836 0.915972 0.047095
0.000010 0.000010 0.000010 0.000010 0.000010 0.999940 0.000010
0.030379 0.000010 0.045200 0.137297 0.315494 0.413579 0.058040
0.000010 0.000010 0.000010 0.000010 0.143258 0.856692 0.000010
0.000010 0.000010 0.000010 0.000010 0.000010 0.999940 0.000010
0.253560 0.000010 0.006858 0.000010 0.351225 0.254051 0.134286
0.019836 0.000010 0.000010 0.000010 0.934337 0.000010 0.045787
0.000010 0.000010 0.000010 0.000010 0.518943 0.481007 0.000010
0.009328 0.000010 0.000010 0.000010 0.990622 0.000010 0.000010
0.048336 0.000010 0.000010 0.000010 0.220428 0.731196 0.000010
0.250191 0.023160 0.000010 0.000010 0.722909 0.000010 0.003711
0.000010 0.000010 0.000010 0.000010 0.999940 0.000010 0.000010
0.000010 0.000010 0.000010 0.000010 0.516678 0.483272 0.000010
0.000010 0.227877 0.429651 0.000010 0.000010 0.342432 0.000010
0.000010 0.000010 0.000010 0.000010 0.999940 0.000010 0.000010
0.000010 0.000010 0.000010 0.000010 0.825057 0.000010 0.174893
0.000010 0.000010 0.000010 0.054180 0.945770 0.000010 0.000010
0.000010 0.000010 0.000010 0.029820 0.970130 0.000010 0.000010
0.000010 0.000010 0.000010 0.023063 0.976887 0.000010 0.000010
0.009499 0.000010 0.000010 0.000010 0.990451 0.000010 0.000010
0.000010 0.000010 0.000010 0.000010 0.999940 0.000010 0.000010
0.000010 0.000010 0.000010 0.000010 0.999940 0.000010 0.000010
0.245915 0.000010 0.010686 0.000010 0.259793 0.308210 0.175377
0.000010 0.000010 0.000010 0.000010 0.999940 0.000010 0.000010
0.111675 0.000010 0.000010 0.000010 0.456804 0.431481 0.000010
0.043751 0.000010 0.000010 0.000010 0.507470 0.448739 0.000010
0.000010 0.000010 0.000010 0.169886 0.830064 0.000010 0.000010
0.205516 0.000010 0.000010 0.000010 0.461226 0.241923 0.091305
0.105984 0.000010 0.000010 0.000010 0.412636 0.440130 0.041221
0.006590 0.000010 0.000010 0.053590 0.901776 0.038014 0.000010
0.089454 0.000010 0.000010 0.128796 0.781710 0.000010 0.000010
0.000010 0.000010 0.000010 0.000010 0.366036 0.633914 0.000010
0.000010 0.000010 0.000010 0.058881 0.000010 0.941069 0.000010
0.000010 0.000010 0.000010 0.000010 0.000010 0.999940 0.000010
0.108255 0.000010 0.000010 0.230578 0.000010 0.585901 0.075236
0.000010 0.013364 0.041835 0.000010 0.165461 0.509830 0.269490
0.011510 0.001097 0.157407 0.112411 0.566065 0.050685 0.100825
0.000010 0.000010 0.000010 0.000010 0.000010 0.999940 0.000010
0.000010 0.000010 0.000010 0.000010 0.000010 0.999940 0.000010
0.000010 0.008325 0.000010 0.000010 0.000010 0.991625 0.000010
0.000010 0.000010 0.000010 0.000010 0.999940 0.000010 0.000010
0.240373 0.000010 0.000010 0.373294 0.062051 0.076838 0.247425
0.000010 0.000010 0.000010 0.000010 0.000010 0.999940 0.000010
0.062048 0.000010 0.000010 0.000010 0.176822 0.759409 0.001691
0.000010 0.000010 0.000010 0.034838 0.965112 0.000010 0.000010
0.000010 0.000010 0.000010 0.000010 0.000010 0.772333 0.227617
0.095342 0.000010 0.000010 0.000010 0.000010 0.763654 0.140964
0.000010 0.000010 0.000010 0.000010 0.939217 0.060733 0.000010
0.061569 0.000010 0.000010 0.000010 0.113867 0.556113 0.268421
0.000010 0.000010 0.000010 0.013782 0.056146 0.930033 0.000010
0.000010 0.000010 0.000010 0.000010 0.000010 0.861082 0.138868
0.200013 0.009165 0.011273 0.000010 0.000010 0.620851 0.158678
0.018418 0.000010 0.000010 0.000010 0.000010 0.981532 0.000010
0.000010 0.020572 0.000010 0.000010 0.000010 0.979378 0.000010
0.203018 0.000010 0.000602 0.000010 0.475147 0.321203 0.000010
0.000010 0.000010 0.000010 0.000010 0.824244 0.000010 0.175706
0.000010 0.000010 0.000010 0.019127 0.980823 0.000010 0.000010
0.146305 0.000010 0.000010 0.000010 0.000010 0.853645 0.000010
0.000010 0.000010 0.000010 0.000010 0.000010 0.999940 0.000010
0.000010 0.000010 0.000010 0.000010 0.000010 0.999940 0.000010
0.000010 0.000010 0.000010 0.000010 0.000010 0.999940 0.000010
0.000010 0.000010 0.000010 0.000010 0.000010 0.999940 0.000010
0.000010 0.000010 0.000010 0.000010 0.000010 0.999940 0.000010
0.000010 0.000010 0.000010 0.000010 0.000010 0.999940 0.000010
0.000010 0.000010 0.000010 0.000010 0.000010 0.999940 0.000010
0.000010 0.000010 0.000010 0.000010 0.000010 0.999940 0.000010
0.000010 0.000010 0.000010 0.000010 0.000010 0.999940 0.000010
0.000010 0.000010 0.000010 0.000010 0.000010 0.915328 0.084622
0.000010 0.000010 0.000010 0.000010 0.000010 0.999940 0.000010
0.000010 0.000010 0.000010 0.000010 0.000010 0.999940 0.000010
0.000010 0.000010 0.000010 0.000010 0.000010 0.999940 0.000010
0.000010 0.021614 0.000010 0.000010 0.000010 0.978336 0.000010
0.062828 0.000010 0.000010 0.000010 0.148641 0.788491 0.000010
0.000010 0.000010 0.000010 0.000010 0.000010 0.999940 0.000010
0.000014 0.000012 0.000010 0.000010 0.000010 0.999935 0.000010
0.000010 0.000010 0.000010 0.015117 0.000010 0.984833 0.000010
0.000010 0.000010 0.000010 0.000010 0.000010 0.999940 0.000010
0.000010 0.000010 0.000010 0.000010 0.000010 0.999940 0.000010
0.000010 0.278640 0.000014 0.000010 0.000010 0.721306 0.000010
0.000010 0.371030 0.000010 0.000010 0.000010 0.628920 0.000010
0.039203 0.000010 0.000010 0.000010 0.000010 0.960747 0.000010
0.000010 0.019009 0.000010 0.000010 0.000010 0.980941 0.000010
0.000010 0.055858 0.000010 0.000010 0.000010 0.944092 0.000010
0.000010 0.000010 0.000010 0.000010 0.000010 0.999940 0.000010
0.000010 0.000010 0.000010 0.000010 0.000010 0.999940 0.000010
0.000010 0.000010 0.000010 0.000010 0.000010 0.999940 0.000010
0.000010 0.000010 0.000010 0.000010 0.000010 0.999940 0.000010
0.000010 0.000010 0.000010 0.000010 0.797002 0.202948 0.000010
0.000010 0.000010 0.000010 0.000010 0.000010 0.999940 0.000010
0.000010 0.000010 0.000010 0.000010 0.000010 0.999940 0.000010
0.000010 0.022555 0.000010 0.000010 0.000010 0.977395 0.000010
0.000010 0.363958 0.000010 0.000010 0.000010 0.635992 0.000010
0.000010 0.103341 0.000010 0.000010 0.679451 0.217168 0.000010
0.000010 0.000010 0.000010 0.040407 0.000010 0.959543 0.000010
0.000010 0.269863 0.000010 0.000010 0.000010 0.730087 0.000010
0.000010 0.000010 0.000010 0.000010 0.000010 0.999940 0.000010
0.000010 0.000010 0.000010 0.000010 0.000010 0.999940 0.000010
0.000010 0.000010 0.000010 0.000010 0.000010 0.999940 0.000010
0.000010 0.000010 0.000010 0.000010 0.000010 0.999940 0.000010
0.000010 0.000010 0.000010 0.349229 0.169758 0.480973 0.000010
0.000010 0.000010 0.000010 0.000010 0.000010 0.999940 0.000010
0.000010 0.000010 0.000010 0.000010 0.000010 0.999940 0.000010
0.068885 0.000010 0.000010 0.481501 0.191046 0.000010 0.258538
0.000010 0.000010 0.000010 0.000010 0.000010 0.999940 0.000010
0.000010 0.000010 0.000010 0.000010 0.000010 0.999940 0.000010
0.000010 0.348712 0.000010 0.000010 0.000010 0.651238 0.000010
0.000010 0.349216 0.000012 0.000010 0.000010 0.650731 0.000010
0.000010 0.000010 0.000010 0.000010 0.000010 0.999940 0.000010
0.000011 0.083943 0.000010 0.000010 0.000010 0.916006 0.000010
0.000010 0.197444 0.000010 0.000010 0.000010 0.802506 0.000010
0.000010 0.079601 0.000010 0.000010 0.000010 0.920349 0.000010
0.000010 0.205490 0.000010 0.000010 0.000010 0.681943 0.112527
0.000010 0.481873 0.000010 0.000010 0.000010 0.518077 0.000010
0.042378 0.000010 0.000010 0.000010 0.725676 0.231906 0.000010
0.000010 0.000010 0.000010 0.000010 0.000010 0.999940 0.000010
0.000010 0.000010 0.000010 0.000010 0.000010 0.999940 0.000010
0.000010 0.000010 0.000010 0.000010 0.000010 0.999940 0.000010
0.000010 0.047008 0.007439 0.000010 0.000010 0.945404 0.000119
0.000010 0.000010 0.098604 0.268580 0.528725 0.000010 0.104061
0.000010 0.000010 0.341429 0.105863 0.523080 0.000010 0.029599
0.000010 0.218424 0.095268 0.202013 0.000010 0.402673 0.081602
0.000010 0.105982 0.045976 0.000010 0.000010 0.693807 0.154205
0.000010 0.068054 0.155793 0.000010 0.000010 0.776113 0.000010
0.074535 0.084697 0.049516 0.227857 0.418858 0.107367 0.037170
0.000010 0.000010 0.270465 0.238463 0.143313 0.000010 0.347729
0.000010 0.108215 0.045692 0.000010 0.000010 0.818736 0.027327
0.000010 0.000010 0.043182 0.000010 0.076552 0.752739 0.127498
0.000010 0.156476 0.276522 0.000010 0.000010 0.452015 0.114957
0.000010 0.409095 0.000010 0.000010 0.097041 0.270800 0.223033
0.000010 0.480751 0.000010 0.000010 0.000010 0.519199 0.000010
0.000010 0.025914 0.000010 0.000010 0.000010 0.974036 0.000010
0.000010 0.027953 0.000010 0.000010 0.000010 0.971997 0.000010
0.000010 0.000010 0.000010 0.000010 0.000010 0.999940 0.000010
0.000010 0.028231 0.000010 0.000010 0.000010 0.971719 0.000010
0.000010 0.000010 0.291353 0.265348 0.120760 0.000010 0.322509
0.181298 0.065554 0.211757 0.000010 0.000010 0.541361 0.000010
0.000010 0.129505 0.000010 0.000010 0.000010 0.870445 0.000010
0.000010 0.115005 0.243054 0.067334 0.129752 0.377063 0.067782
0.000010 0.000010 0.363940 0.305805 0.001848 0.000010 0.328376
0.000010 0.242527 0.060072 0.000010 0.000010 0.697360 0.000010
0.000010 0.712228 0.000010 0.000010 0.000010 0.287722 0.000010
0.000010 0.727782 0.000010 0.000010 0.000010 0.272168 0.000010
0.000010 0.593882 0.000010 0.000010 0.000010 0.406068 0.000010
0.000010 0.603569 0.396381 0.000010 0.000010 0.000010 0.000010
0.000010 0.031495 0.000010 0.000010 0.000010 0.968455 0.000010
0.000010 0.698629 0.166493 0.000010 0.134833 0.000016 0.000010
0.000010 0.000010 0.000010 0.000010 0.000010 0.999940 0.000010
0.000010 0.000010 0.000010 0.000010 0.000010 0.999940 0.000010
0.000010 0.397790 0.060972 0.000010 0.067027 0.474181 0.000010
0.000010 0.838265 0.073210 0.000010 0.088485 0.000010 0.000010
0.000010 0.706163 0.293787 0.000010 0.000010 0.000010 0.000010
0.001452 0.743138 0.020849 0.000010 0.000010 0.234532 0.000010
0.000010 0.091728 0.070075 0.083198 0.000010 0.729241 0.025739
0.000010 0.000010 0.000010 0.000010 0.000010 0.999940 0.000010
0.000010 0.999940 0.000010 0.000010 0.000010 0.000010 0.000010
0.000010 0.477805 0.000010 0.000010 0.000010 0.522145 0.000010
0.000010 0.383902 0.000010 0.000010 0.000010 0.616048 0.000010
0.000010 0.446361 0.000010 0.000010 0.000010 0.553589 0.000010
0.000010 0.999940 0.000010 0.000010 0.000010 0.000010 0.000010
0.000010 0.999940 0.000010 0.000010 0.000010 0.000010 0.000010
0.000010 0.999940 0.000010 0.000010 0.000010 0.000010 0.000010
0.000010 0.999940 0.000010 0.000010 0.000010 0.000010 0.000010
0.000010 0.936061 0.000010 0.000010 0.000010 0.063889 0.000010
0.000010 0.999940 0.000010 0.000010 0.000010 0.000010 0.000010
0.000010 0.783279 0.000010 0.000010 0.000010 0.216671 0.000010
0.000010 0.776340 0.000010 0.000010 0.000010 0.223610 0.000010
0.000010 0.674481 0.000010 0.000010 0.000010 0.325469 0.000010
0.000010 0.999932 0.000010 0.000010 0.000010 0.000018 0.000010
0.000010 0.999940 0.000010 0.000010 0.000010 0.000010 0.000010
0.000010 0.385944 0.019915 0.067519 0.000010 0.526592 0.000010
0.000010 0.431959 0.000010 0.000010 0.000010 0.567991 0.000010
0.000010 0.789067 0.000010 0.000010 0.000010 0.210883 0.000010
0.000010 0.017284 0.272699 0.000010 0.000010 0.709978 0.000010
0.000010 0.999940 0.000010 0.000010 0.000010 0.000010 0.000010
0.000010 0.826939 0.000010 0.000010 0.000010 0.173011 0.000010
0.000010 0.120997 0.093620 0.000010 0.000010 0.785343 0.000010
0.005509 0.551187 0.357342 0.000010 0.000010 0.085931 0.000010
0.000010 0.662993 0.000010 0.000010 0.000267 0.336699 0.000010
0.000010 0.717398 0.020708 0.000010 0.000010 0.261855 0.000010
0.000010 0.809707 0.067906 0.000010 0.000010 0.122346 0.000010
0.000010 0.691524 0.000010 0.000010 0.000010 0.308426 0.000010
0.000010 0.543143 0.361308 0.000010 0.063598 0.031921 0.000010
0.000010 0.617433 0.031154 0.000010 0.000010 0.351373 0.000010
0.000010 0.463160 0.052708 0.000010 0.000010 0.484093 0.000010
0.000010 0.698872 0.156671 0.000010 0.039740 0.104688 0.000010
0.000010 0.427620 0.000010 0.000010 0.000010 0.572330 0.000010
0.057029 0.447061 0.262285 0.051677 0.000010 0.181927 0.000010
0.000010 0.439310 0.544558 0.000010 0.010991 0.000010 0.005110
0.000010 0.453381 0.455582 0.000010 0.090996 0.000010 0.000010
0.000010 0.073555 0.926395 0.000010 0.000010 0.000010 0.000010
0.000010 0.348542 0.433929 0.000010 0.119389 0.026158 0.071962
0.030600 0.652031 0.003027 0.159886 0.068119 0.000010 0.086327
0.000010 0.916191 0.000010 0.000010 0.000010 0.083759 0.000010
0.000590 0.351444 0.516164 0.029785 0.000010 0.090954 0.011053
0.000010 0.359309 0.045604 0.119054 0.000010 0.476002 0.000010
0.017582 0.415810 0.136703 0.000010 0.000010 0.351559 0.078326
0.000010 0.485544 0.411326 0.000010 0.087330 0.015770 0.000010
0.000010 0.023867 0.000010 0.000010 0.000010 0.976083 0.000010
0.025230 0.159667 0.334834 0.000010 0.165002 0.315246 0.000010
0.000010 0.913024 0.000010 0.000010 0.000010 0.086926 0.000010
0.000010 0.000010 0.999940 0.000010 0.000010 0.000010 0.000010
0.000010 0.000010 0.999940 0.000010 0.000010 0.000010 0.000010
0.000010 0.000010 0.999940 0.000010 0.000010 0.000010 0.000010
0.000010 0.000010 0.999940 0.000010 0.000010 0.000010 0.000010
0.000010 0.000010 0.999940 0.000010 0.000010 0.000010 0.000010
0.000010 0.127541 0.872409 0.000010 0.000010 0.000010 0.000010
0.000010 0.064480 0.935470 0.000010 0.000010 0.000010 0.000010
0.000010 0.000010 0.999940 0.000010 0.000010 0.000010 0.000010
0.000010 0.000010 0.999940 0.000010 0.000010 0.000010 0.000010
0.000010 0.168937 0.831013 0.000010 0.000010 0.000010 0.000010
0.000010 0.193045 0.806905 0.000010 0.000010 0.000010 0.000010
0.000010 0.000010 0.999940 0.000010 0.000010 0.000010 0.000010
0.000010 0.046258 0.953686 0.000010 0.000016 0.000010 0.000010
0.000010 0.000010 0.999937 0.000010 0.000010 0.000013 0.000010
0.000010 0.456654 0.543296 0.000010 0.000010 0.000010 0.000010
0.000010 0.999940 0.000010 0.000010 0.000010 0.000010 0.000010
